493
202
314
847
437
902
157
874
807
80
369
511
1003
450
262
571
721
654
890
219
584
412
607
904
946
534
558
474
33
243
202
353
849
509
446
582
13
877
101
249
787
558
242
735
470
577
453
491
132
629
670
478
764
983
587
350
281
31
671
751
51
265
810
317
362
156
277
422
1017
437
481
270
478
787
723
271
1020
221
53
734
1001
933
632
25
450
333
1013
984
642
161
530
281
822
391
648
597
786
121
427
78
645
511
702
903
462
532
704
332
624
34
729
119
309
723
45
1005
125
50
494
92
25
462
669
136
127
706
865
278
443
919
891
290
733
638
362
673
836
783
19
838
540
947
85
251
837
799
350
6
283
303
163
675
486
361
505
45
345
344
160
874
212
936
307
82
517
696
