55
74
1016
183
733
599
308
938
483
728
332
828
691
552
1008
804
30
636
590
960
71
537
78
933
809
245
826
709
1015
104
42
559
70
520
593
424
696
790
513
427
237
674
496
723
332
313
677
18
104
319
705
743
596
600
661
1013
826
882
348
2
288
89
904
257
699
19
983
527
384
143
868
570
356
347
129
322
225
787
890
544
637
583
27
877
574
528
651
700
389
884
290
12
318
786
739
950
74
843
467
32
741
324
398
725
1017
39
510
495
562
379
860
159
917
484
920
205
385
336
902
133
873
808
556
517
895
729
671
185
628
61
1008
22
513
415
814
791
892
797
78
952
726
259
570
671
49
815
970
277
85
166
711
739
9
142
390
226
964
88
644
51
644
804
256
563
832
291
302
827
626
122
333
256
274
984
95
89
793
369
705
169
165
357
543
412
534
671
519
530
934
317
919
312
79
362
69
647
146
395
935
488
939
326
683
276
975
117
168
703
5
163
212
875
721
924
687
774
741
243
278
648
46
373
256
39
691
395
90
847
127
637
797
106
344
732
158
836
110
902
726
523
634
929
844
370
62
929
540
390
793
131
732
197
252
53
718
43
362
826
27
661
934
1015
975
164
105
823
537
56
196
164
683
734
201
965
67
315
587
75
1
771
691
321
300
328
357
325
496
672
48
989
815
90
463
492
576
672
348
487
721
462
335
861
948
744
282
791
27
332
11
798
352
304
39
51
662
7
78
96
229
302
313
777
54
857
893
681
507
282
745
443
819
149
265
835
718
197
883
893
503
964
781
460
808
491
985
813
141
516
564
761
44
971
485
565
82
658
800
218
99
295
803
54
862
805
886
214
943
946
330
347
697
971
841
325
581
230
754
707
292
732
968
110
400
527
362
664
606
778
84
596
883
71
840
551
768
426
710
274
270
225
731
339
63
881
815
949
155
159
871
283
346
313
424
336
467
60
277
1009
731
589
686
242
837
536
324
701
679
296
770
625
480
775
709
799
965
627
839
832
200
315
302
10
218
419
227
546
345
769
174
73
21
236
741
984
651
221
926
755
519
996
468
325
159
344
52
341
837
426
897
829
540
43
274
795
350
903
109
768
177
829
685
477
932
80
982
208
550
1004
807
968
543
370
470
746
326
619
294
935
140
140
979
805
839
188
543
987
470
227
607
288
736
192
283
116
280
406
14
67
828
1004
219
968
711
702
199
10
494
464
1019
637
562
460
18
1015
726
698
187
158
624
864
463
752
780
297
474
589
408
985
735
579
787
264
244
821
727
1024
964
468
765
734
884
568
735
820
579
215
982
596
247
913
315
704
498
382
692
1022
468
225
786
796
951
945
451
817
637
996
476
644
3
188
966
649
807
465
883
99
82
832
191
539
410
669
365
231
370
745
57
478
89
16
783
9
265
238
408
167
954
404
3
850
136
362
479
464
850
782
972
0
892
430
780
84
551
58
710
752
690
929
275
188
515
211
211
558
49
290
278
776
424
654
412
862
1024
246
216
972
255
916
962
365
931
695
263
852
521
772
160
687
478
929
508
718
984
840
48
915
12
829
913
458
879
493
518
977
972
288
467
902
580
737
995
304
179
384
614
251
120
317
702
75
684
328
959
799
384
842
1016
393
343
800
96
694
384
671
375
888
311
1010
436
903
67
497
998
650
402
1
89
127
274
497
907
458
223
871
586
692
1010
393
334
763
730
897
800
898
650
959
137
300
450
232
319
807
950
430
753
95
43
831
424
179
844
842
431
8
279
1002
632
778
135
160
1009
