861
82
530
995
829
621
976
733
447
285
577
286
194
513
300
635
202
151
676
966
206
724
889
647
418
976
906
533
127
28
191
816
2
1010
682
499
666
128
391
454
488
291
917
186
164
655
1002
223
617
596
255
681
416
589
911
187
788
649
495
594
376
387
382
67
532
975
141
183
266
306
79
164
801
564
482
440
858
563
922
1008
731
168
664
236
996
686
389
497
33
555
239
451
761
349
681
872
127
206
299
448
92
151
54
254
386
245
801
187
758
237
74
44
398
378
253
981
431
125
46
871
207
532
143
452
147
616
717
893
369
125
956
80
206
801
408
532
734
963
346
416
118
324
331
701
513
240
905
358
27
965
839
637
731
795
513
314
25
937
161
687
93
575
276
491
986
721
589
735
271
635
794
848
165
3
393
684
327
490
456
917
775
848
64
823
856
95
339
912
130
530
322
914
997
0
79
1012
667
639
956
102
850
385
170
267
30
822
855
647
6
437
29
4
200
390
243
406
619
573
373
205
974
812
166
44
562
927
237
525
273
710
235
316
570
38
86
83
421
531
644
751
86
1012
939
891
762
365
425
769
596
18
283
309
555
682
691
752
191
692
73
84
552
335
306
592
739
808
265
600
235
979
490
98
630
367
145
619
825
672
612
849
222
203
985
970
690
703
254
981
237
1019
873
77
618
686
318
341
769
178
134
173
405
452
125
788
16
200
806
593
918
1000
444
866
171
754
450
534
341
883
393
734
235
130
56
924
413
243
1018
815
525
424
86
442
299
214
405
938
774
740
309
214
999
303
831
866
1014
660
1020
1021
413
448
19
696
651
659
72
303
526
319
776
602
963
135
173
80
135
460
267
83
615
31
918
677
329
304
943
760
782
68
185
156
873
422
593
855
987
795
478
41
0
372
619
521
681
134
1010
536
620
835
786
785
127
335
260
489
587
684
113
73
985
855
288
1007
167
310
722
842
72
954
791
939
96
207
964
310
41
66
271
663
215
709
399
785
1004
227
123
956
691
254
606
260
793
601
248
387
78
802
910
760
390
932
730
154
91
81
995
523
54
442
470
191
860
625
232
298
872
864
172
214
851
128
203
850
319
62
914
882
854
61
1017
664
517
160
721
144
248
735
60
707
712
364
20
472
749
144
293
425
6
419
252
14
600
755
50
476
290
382
929
230
976
705
528
266
57
426
741
686
969
599
606
669
376
165
210
630
320
771
300
256
456
646
497
484
376
596
762
859
94
270
42
806
159
149
270
860
613
853
291
864
610
726
173
508
910
756
118
770
836
17
854
656
903
417
761
600
964
186
379
222
567
229
315
913
816
379
863
884
357
507
928
697
291
727
947
177
989
417
603
3
919
946
15
447
611
234
616
319
868
965
189
1019
475
830
573
44
247
553
83
0
525
815
811
910
208
517
724
580
401
174
72
144
537
625
696
242
510
334
139
849
593
579
275
430
215
841
826
570
598
905
761
282
321
252
246
781
821
958
285
612
725
968
850
446
976
1001
651
1009
123
909
614
292
1014
107
441
52
727
965
800
20
136
166
809
13
739
84
237
7
553
599
464
288
589
391
215
888
943
676
786
344
677
863
891
303
916
302
647
264
427
382
909
715
796
875
1007
797
450
401
899
418
101
795
68
479
173
382
744
116
355
477
609
177
582
723
842
938
110
881
931
1003
521
974
441
690
544
86
89
107
333
716
7
593
14
287
130
876
454
812
452
929
394
695
209
175
653
661
933
665
523
59
90
389
755
164
429
708
384
412
514
617
639
787
521
987
704
491
91
626
148
18
943
1014
897
97
844
1010
943
901
241
175
